500-F-67	NM_079843.4	1	578	51	567	98.0969	12.1332	39	1.78
500-F-21	NM_079843.4	1	578	35	480	83.045	7.18858	39.5	1
1020-F-0818-D11	NM_079843.4	1	578	142	480	83.045	34.7353	38.8	1
500-M-65	NM_079843.4	1	578	32	470	81.3149	7.54325	39	1
OH-M-3	NM_079843.4	1	578	0	0	0	0	0	0
1020-M-0818-A7	NM_079843.4	1	578	93	480	83.045	21.6125	39.3	1
500-M-71	NM_079843.4	1	578	18	445	76.9896	4.13495	38.8	1
mel-21-MDS-9	NM_079843.4	1	578	13	465	80.4498	3.33737	39.8	1
1020-F6	NM_079843.4	1	578	4	197	34.083	0.688581	39.7	1
ME-F-2	NM_079843.4	1	578	3	255	44.1176	0.66782	38	1
ME-M-6	NM_079843.4	1	578	6	224	38.7543	1.5346	39.6	1
500-M-100	NM_079843.4	1	578	55	479	82.872	12.5052	38.7	0.982
ME-M-14	NM_079843.4	1	578	257	521	90.1384	63.263	39	1.47
500-M-57	NM_079843.4	1	578	33	468	80.9689	6.87889	39.6	0.97
ME-M-10	NM_079843.4	1	578	28	493	85.2941	7.18339	39.1	1
500-M-61	NM_079843.4	1	578	49	480	83.045	11.5173	39.1	1
Peach-13-H7	NM_079843.4	1	578	65	480	83.045	15.6367	38.5	1
Myrtle-D11	NM_079843.4	1	578	45	480	83.045	11.2526	38.5	1
Peach-5-B9	NM_079843.4	1	578	32	471	81.4879	7.58478	38.7	1
1428-M-43	NM_079843.4	1	578	20	471	81.4879	4.62976	39.6	1
mel-20-TD-3	NM_079843.4	1	578	210	495	85.6401	52.2128	38.8	1
1428-M-4	NM_079843.4	1	578	37	480	83.045	8.2526	39.3	1
HeLa-pos	NM_079843.4	1	578	0	0	0	0	0	0
CVID-1006-G6	NM_079843.4	1	578	42	471	81.4879	9.13495	38.8	1
CVID-1006-H4	NM_079843.4	1	578	29	494	85.4671	6.86505	39.2	1
1020-F8	NM_079843.4	1	578	77	507	87.7163	18.09	39	1.78
Neg-Ctrl	NM_079843.4	1	578	0	0	0	0	0	0
OH-F-1	NM_079843.4	1	578	0	0	0	0	0	0
OH-F-3	NM_079843.4	1	578	0	0	0	0	0	0
Penn-F-1	NM_079843.4	1	578	0	0	0	0	0	0
1020-D1	NM_079843.4	1	578	28	489	84.6021	6.2474	39	1
Myrtle-E4	NM_079843.4	1	578	133	480	83.045	33.3599	38.8	1
500-F-12	NM_079843.4	1	578	15	489	84.6021	3.64879	38.8	1
1020-M-8	NM_079843.4	1	578	47	479	82.872	10.3633	38.9	1
1020-F-0818-D4	NM_079843.4	1	578	126	480	83.045	29.7734	38.8	1
1428-M-3	NM_079843.4	1	578	54	480	83.045	12.4844	38.5	1
Penn-M-10	NM_079843.4	1	578	52	481	83.218	12.7405	38.5	1
Peach-3-B5	NM_079843.4	1	578	13	325	56.2284	3.21799	37.9	1
CVID-0911-E3	NM_079843.4	1	578	88	480	83.045	18.9827	39	1
1020-C1	NM_079843.4	1	578	98	481	83.218	23.8841	38.7	1.2
1020-M-19	NM_079843.4	1	578	95	478	82.699	21.8114	39.2	0.989
CVID-0911-F3	NM_079843.4	1	578	33	479	82.872	7.32007	38.5	1
Peach-7-F6	NM_079843.4	1	578	44	496	85.8131	10.6142	38.9	1
1020-F-44	NM_079843.4	1	578	26	469	81.1419	4.97232	39.1	1
1020-F-31	NM_079843.4	1	578	41	478	82.699	9.47578	39.1	0.951
Briarwood-D9	NM_079843.4	1	578	69	478	82.699	16.8962	39.3	1
Myrtle-D8	NM_079843.4	1	578	129	480	83.045	31.9671	38.9	1
Adobe-B6	NM_079843.4	1	578	12	477	82.526	3.07093	39.1	1
Penn-F-4	NM_079843.4	1	578	43	480	83.045	10.3599	39.2	1
Myrtle-D5	NM_079843.4	1	578	125	480	83.045	31.3979	39.4	1
1428-M-36	NM_079843.4	1	578	5	376	65.0519	1.27336	34.6	1
ME-M-17	NM_079843.4	1	578	10	343	59.3426	2.44118	39.6	1
Myrtle-D1	NM_079843.4	1	578	131	481	83.218	32.0657	38.7	1
1020-F3	NM_079843.4	1	578	103	480	83.045	24.6869	38.5	1
ME-M-9	NM_079843.4	1	578	16	451	78.0277	4	39	1
1020-A7	NM_079843.4	1	578	126	480	83.045	30.9637	38.5	1
Penn-M-2	NM_079843.4	1	578	0	0	0	0	0	0
Briarwood-D10	NM_079843.4	1	578	32	480	83.045	7.1955	39.4	1
ME-F-1	NM_079843.4	1	578	216	494	85.4671	52.2388	39.1	1
Penn-M-8	NM_079843.4	1	578	0	0	0	0	0	0
500-M-6	NM_079843.4	1	578	6	197	34.083	1.42042	39.8	1
ME-M-1	NM_079843.4	1	578	22	441	76.2976	3.8737	39.5	1
mel-21-LK-5	NM_079843.4	1	578	127	496	85.8131	31.5156	39	1
500-M-16	NM_079843.4	1	578	20	456	78.8927	4.49827	39.4	1
ME-M-19	NM_079843.4	1	578	317	494	85.4671	77.2578	39.3	1
1428-F-21	NM_079843.4	1	578	56	477	82.526	13.2405	39.2	1
500-M-F9	NM_079843.4	1	578	10	338	58.4775	2.06401	39.8	1
CVID-0911-F4	NM_079843.4	1	578	18	379	65.5709	3.02768	39	1
500-M-F11	NM_079843.4	1	578	20	475	82.1799	3.22837	39.4	1
1428-F-8	NM_079843.4	1	578	4	250	43.2526	0.903114	39.7	1
OH-M-5	NM_079843.4	1	578	44	480	83.045	9.75952	39	1
500-M-60	NM_079843.4	1	578	4	197	34.083	1.03114	39.2	1
1020-G3	NM_079843.4	1	578	41	494	85.4671	9.4308	38.3	1
1020-F-36	NM_079843.4	1	578	27	494	85.4671	5.91522	39	1
1428-M-21	NM_079843.4	1	578	61	479	82.872	15.4706	39.1	1
sim-20-TD-5	NM_079843.4	1	578	197	496	85.8131	49.3529	38.9	1
1428-M-6	NM_079843.4	1	578	0	0	0	0	0	0
500-F-42	NM_079843.4	1	578	18	464	80.2768	4.26125	39.4	1
Adobe-B4	NM_079843.4	1	578	28	478	82.699	6.46886	39.6	1
OH-M-7	NM_079843.4	1	578	2	103	17.8201	0.356401	39.8	1
ME-M-18	NM_079843.4	1	578	42	496	85.8131	9.97751	39.3	1
Peach-9-F8	NM_079843.4	1	578	54	496	85.8131	12.9931	38.7	1
Water-Neg	NM_079843.4	1	578	0	0	0	0	0	0
1020-F-40	NM_079843.4	1	578	53	463	80.1038	10.7647	39	0.962
Myrtle-E10	NM_079843.4	1	578	20	456	78.8927	4.33564	38	1
CVID-1006-G7	NM_079843.4	1	578	47	486	84.083	11.045	39.6	1
Peach-12-H1	NM_079843.4	1	578	54	481	83.218	12.1522	38.8	1
Myrtle-E9	NM_079843.4	1	578	5	353	61.0727	1.23702	38.3	1
Peach-4-B7	NM_079843.4	1	578	19	474	82.0069	4.66955	38.9	1
Adobe-C2	NM_079843.4	1	578	20	489	84.6021	4.84256	39.4	1
sim-20-TD-4	NM_079843.4	1	578	194	576	99.654	49.2837	39.1	1.35
1020-D3	NM_079843.4	1	578	33	475	82.1799	6.87716	39	1
500-M-84	NM_079843.4	1	578	13	450	77.8547	2.45675	38.5	1
CVID-0825-C10	NM_079843.4	1	578	22	469	81.1419	5.50173	37.8	1
500-M-40	NM_079843.4	1	578	29	479	82.872	7.15225	39.4	1
Peach-6-E5	NM_079843.4	1	578	6	319	55.1903	1.19723	39.6	1
hydei-20-TD-1	NM_079843.4	1	578	28	462	79.9308	6.56747	39.2	0
500-M-55	NM_079843.4	1	578	37	472	81.6609	8.57612	38.2	1
OH-M-4	NM_079843.4	1	578	0	0	0	0	0	0
Penn-M-15	NM_079843.4	1	578	8	440	76.1246	2.05536	39.2	1
500-F-11	NM_079843.4	1	578	27	492	85.1211	6.10381	37.7	0.926
ME-M-3	NM_079843.4	1	578	29	454	78.5467	6.05536	39.7	1
Peach-8-F7	NM_079843.4	1	578	80	480	83.045	18.9792	38.4	1
Penn-F-3	NM_079843.4	1	578	142	480	83.045	35.7578	38.9	1
500-M-61-2	NM_079843.4	1	578	41	468	80.9689	9.31661	39.1	1
Pos-Ctrl	NM_079843.4	1	578	0	0	0	0	0	0
James-A5	NM_079843.4	1	578	101	567	98.0969	24.9844	38.7	3.08
Peach-2-B4	NM_079843.4	1	578	6	441	76.2976	1.40484	39.3	1
Penn-F-12	NM_079843.4	1	578	84	480	83.045	20.2007	38.4	1
500-M-17	NM_079843.4	1	578	14	436	75.4325	3.24048	39	1
500-M-65-2	NM_079843.4	1	578	28	473	81.8339	6.30623	39.4	1
ME-M-7	NM_079843.4	1	578	160	496	85.8131	38.5225	39.4	0.994
ME-M-13	NM_079843.4	1	578	80	469	81.1419	17.5311	39.4	1
ME-F-9	NM_079843.4	1	578	141	480	83.045	32.3633	39.3	1
ME-M-20	NM_079843.4	1	578	124	550	95.1557	30.8668	39.4	1.65
ME-M-11	NM_079843.4	1	578	8	387	66.955	2.02595	39.2	1
Adobe-C1	NM_079843.4	1	578	91	481	83.218	22.808	38.9	1
OH-M-6	NM_079843.4	1	578	2	189	32.699	0.515571	39.7	1
500-M-54	NM_079843.4	1	578	29	473	81.8339	7.07266	39	1
Penn-F-2	NM_079843.4	1	578	22	478	82.699	5.63668	39.4	1
1020-A8-2	NM_079843.4	1	578	113	497	85.9862	27.3097	38.8	1
ME-F-3	NM_079843.4	1	578	10	412	71.2803	2.40484	38.1	1
1020-M-0818-A10	NM_079843.4	1	578	83	494	85.4671	19.0779	39	1
ME-M-2	NM_079843.4	1	578	12	454	78.5467	2.59689	39.7	1
Penn-F-6	NM_079843.4	1	578	0	0	0	0	0	0
ME-M-4	NM_079843.4	1	578	159	496	85.8131	38.7439	38.6	1
1020-F-0818-E4	NM_079843.4	1	578	88	566	97.9239	21.2907	39	1.55
1020-F1	NM_079843.4	1	578	127	494	85.4671	29.7768	38.9	1
Peach-10-F10	NM_079843.4	1	578	51	469	81.1419	11.7197	38.9	1
500-M-F10	NM_079843.4	1	578	35	469	81.1419	7.20069	39.2	1
1020-H7	NM_079843.4	1	578	81	475	82.1799	18.2388	39.1	1
mel-20-AG-5	NM_079843.4	1	578	129	495	85.6401	32.6817	39.3	1.62
1428-M-42	NM_079843.4	1	578	145	480	83.045	35.6557	39	1
sim-20-AG-3	NM_079843.4	1	578	205	480	83.045	51.9498	38.8	1
1428-F-15	NM_079843.4	1	578	4	304	52.5952	0.987889	39.5	1
ME-M-8	NM_079843.4	1	578	145	497	85.9862	36.5069	38.5	1
500-M-83	NM_079843.4	1	578	76	495	85.6401	16.9567	38.9	1
James-A4	NM_079843.4	1	578	136	495	85.6401	32.6799	39	1.15
1020-B11	NM_079843.4	1	578	80	578	100	18.8356	38.8	1.85
Adobe-B8	NM_079843.4	1	578	60	490	84.7751	14.4654	39.4	1
Peach-1-B2	NM_079843.4	1	578	0	0	0	0	0	0
mel-20-AG-4	NM_079843.4	1	578	148	494	85.4671	36.5588	38.8	1
CVID-0825-B1	NM_079843.4	1	578	44	480	83.045	10.8685	39.1	1
CVID-1006-H2	NM_079843.4	1	578	41	494	85.4671	9.01038	39	1
1020-M-0818-A5	NM_079843.4	1	578	107	480	83.045	25.9014	38.9	1
1020-C2	NM_079843.4	1	578	165	491	84.9481	40.0415	39	1.24
Penn-M-14	NM_079843.4	1	578	14	467	80.7958	3.59862	39.3	1
Peach-11-F11	NM_079843.4	1	578	63	480	83.045	15.237	38.4	1
Penn-F-9	NM_079843.4	1	578	18	478	82.699	4.62457	38.9	1
CVID-1006-H3	NM_079843.4	1	578	62	488	84.4291	14.8754	38.6	1
Penn-M-11	NM_079843.4	1	578	0	0	0	0	0	0
1020-D9	NM_079843.4	1	578	14	417	72.1453	3.09689	39.6	1
1020-A8	NM_079843.4	1	578	31	463	80.1038	6.53633	39	1
1020-G1	NM_079843.4	1	578	11	458	79.2388	2.33564	37.9	1
OH-F-2	NM_079843.4	1	578	2	59	10.2076	0.204152	40	0
500-F-41	NM_079843.4	1	578	65	523	90.4844	14.5121	39.2	2.11
500-M-71-2	NM_079843.4	1	578	61	470	81.3149	12.8201	38.4	1
500-M-G2	NM_079843.4	1	578	10	227	39.2734	2.25952	39.8	5
1020-B6	NM_079843.4	1	578	26	479	82.872	5.85121	39.7	1
